
1 CUDA-enabled  GPUs detected in this computer system

.....................................................

Device 0: NVIDIA GeForce RTX 4060 with Compute Capability: 8.9

Using Device 0
.....................................................

size: 48
sizeD: 12

C[0]: 12.1667
C[1]: 9.91667
C[2]: 15.6667
C[3]: 25.4167
C[4]: 54.8095
C[5]: 52.8738
C[6]: 63.8905
C[7]: 92.2405
C[8]: 104.8
C[9]: 96.5
C[10]: 115.8
C[11]: 127.9
C_mx[0]: 25.4167
C_mx[1]: 92.2405
C_mx[2]: 127.9

D[0]: 63.1667
D[1]: 263.814
D[2]: 445
Máximo --> C_out[0]: 127.9
Time spent on GPU= 0.002469

Time spent on CPU= 8e-06

.....................................................

Speedup TCPU/TGPU= 0.00324018
.....................................................

h_C[0]: 12.1667
h_C[1]: 9.91667
h_C[2]: 15.6667
h_C[3]: 25.4167
h_C[4]: 54.8095
h_C[5]: 52.8738
h_C[6]: 63.8905
h_C[7]: 92.2405
h_C[8]: 104.8
h_C[9]: 96.5
h_C[10]: 115.8
h_C[11]: 127.9
C no coincide
fallo en i: 4 con valor C[4]: 54.8095
 y h_C[4]54.8095
Error: D no coincide con valor D[0]: 63.1667 y h_D[0]: 63.1667
